Time	Cap_LAD_D1	Cap_LAD_D4	Cap_LAD_LAD3	Cap_LAD_RI	Cap_LCX_LCX1	Cap_RCA_AM	Cap_RCA_RPDA1	Cap_RCA_RPLB2	Cap_Aorta_Inlet	Cap_Aorta_Outlet	
1	0	0	0	0	0	0	0	0	-1.86006e-05	1.8257e-05	
2	1.11503e-07	7.3694e-09	1.70506e-07	1.76209e-07	1.21226e-07	1.16267e-07	8.39017e-08	1.12809e-07	-1.86006e-05	1.76378e-05	
3	1.11503e-07	7.3694e-09	1.70506e-07	1.76209e-07	1.21226e-07	1.16267e-07	8.39017e-08	1.12809e-07	-1.86006e-05	1.76667e-05	
4	1.11503e-07	7.3694e-09	1.70506e-07	1.76209e-07	1.21226e-07	1.16267e-07	8.39017e-08	1.12809e-07	-1.86006e-05	1.76917e-05	
5	1.11503e-07	7.3694e-09	1.70506e-07	1.76209e-07	1.21226e-07	1.16267e-07	8.39017e-08	1.12809e-07	-1.86006e-05	1.76985e-05	
6	1.11503e-07	7.3694e-09	1.70506e-07	1.76209e-07	1.21226e-07	1.16267e-07	8.39017e-08	1.12809e-07	-1.86006e-05	1.76989e-05	
7	1.11503e-07	7.3694e-09	1.70506e-07	1.76209e-07	1.21226e-07	1.16267e-07	8.39017e-08	1.12809e-07	-1.86006e-05	1.77032e-05	
8	1.11503e-07	7.3694e-09	1.70506e-07	1.76209e-07	1.21226e-07	1.16267e-07	8.39017e-08	1.12809e-07	-1.86006e-05	1.77013e-05	
9	1.11503e-07	7.3694e-09	1.70506e-07	1.76209e-07	1.21226e-07	1.16267e-07	8.39017e-08	1.12809e-07	-1.86006e-05	1.77025e-05	
10	1.11503e-07	7.3694e-09	1.70506e-07	1.76209e-07	1.21226e-07	1.16267e-07	8.39017e-08	1.12809e-07	-1.86006e-05	1.77006e-05	
11	1.11503e-07	7.3694e-09	1.70506e-07	1.76209e-07	1.21226e-07	1.16267e-07	8.39017e-08	1.12809e-07	-1.86006e-05	1.77001e-05	
12	1.11503e-07	7.3694e-09	1.70506e-07	1.76209e-07	1.21226e-07	1.16267e-07	8.39017e-08	1.12809e-07	-1.86006e-05	1.77016e-05	
13	1.11503e-07	7.3694e-09	1.70506e-07	1.76209e-07	1.21226e-07	1.16267e-07	8.39017e-08	1.12809e-07	-1.86006e-05	1.77003e-05	
14	1.11503e-07	7.3694e-09	1.70506e-07	1.76209e-07	1.21226e-07	1.16267e-07	8.39017e-08	1.12809e-07	-1.86006e-05	1.77007e-05	
15	1.11503e-07	7.3694e-09	1.70506e-07	1.76209e-07	1.21226e-07	1.16267e-07	8.39017e-08	1.12809e-07	-1.86006e-05	1.7701e-05	
16	1.11503e-07	7.3694e-09	1.70506e-07	1.76209e-07	1.21226e-07	1.16267e-07	8.39017e-08	1.12809e-07	-1.86006e-05	1.77002e-05	
17	1.11503e-07	7.3694e-09	1.70506e-07	1.76209e-07	1.21226e-07	1.16267e-07	8.39017e-08	1.12809e-07	-1.86006e-05	1.77012e-05	
18	1.11503e-07	7.3694e-09	1.70506e-07	1.76209e-07	1.21226e-07	1.16267e-07	8.39017e-08	1.12809e-07	-1.86006e-05	1.77007e-05	
19	1.11503e-07	7.3694e-09	1.70506e-07	1.76209e-07	1.21226e-07	1.16267e-07	8.39017e-08	1.12809e-07	-1.86006e-05	1.77011e-05	
20	1.11503e-07	7.3694e-09	1.70506e-07	1.76209e-07	1.21226e-07	1.16267e-07	8.39017e-08	1.12809e-07	-1.86006e-05	1.7701e-05	
21	1.11503e-07	7.3694e-09	1.70506e-07	1.76209e-07	1.21226e-07	1.16267e-07	8.39017e-08	1.12809e-07	-1.86006e-05	1.76996e-05	
22	1.11503e-07	7.3694e-09	1.70506e-07	1.76209e-07	1.21226e-07	1.16267e-07	8.39017e-08	1.12809e-07	-1.86006e-05	1.76998e-05	
23	1.11503e-07	7.3694e-09	1.70506e-07	1.76209e-07	1.21226e-07	1.16267e-07	8.39017e-08	1.12809e-07	-1.86006e-05	1.77003e-05	
24	1.11503e-07	7.3694e-09	1.70506e-07	1.76209e-07	1.21226e-07	1.16267e-07	8.39017e-08	1.12809e-07	-1.86006e-05	1.76997e-05	
25	1.11503e-07	7.3694e-09	1.70506e-07	1.76209e-07	1.21226e-07	1.16267e-07	8.39017e-08	1.12809e-07	-1.86006e-05	1.76997e-05	
26	1.11503e-07	7.3694e-09	1.70506e-07	1.76209e-07	1.21226e-07	1.16267e-07	8.39017e-08	1.12809e-07	-1.86006e-05	1.76999e-05	
27	1.11503e-07	7.3694e-09	1.70506e-07	1.76209e-07	1.21226e-07	1.16267e-07	8.39017e-08	1.12809e-07	-1.86006e-05	1.77001e-05	
28	1.11503e-07	7.3694e-09	1.70506e-07	1.76209e-07	1.21226e-07	1.16267e-07	8.39017e-08	1.12809e-07	-1.86006e-05	1.77004e-05	
29	1.11503e-07	7.3694e-09	1.70506e-07	1.76209e-07	1.21226e-07	1.16267e-07	8.39017e-08	1.12809e-07	-1.86006e-05	1.77005e-05	
30	1.11503e-07	7.3694e-09	1.70506e-07	1.76209e-07	1.21226e-07	1.16267e-07	8.39017e-08	1.12809e-07	-1.86006e-05	1.77006e-05	
31	1.11503e-07	7.3694e-09	1.70506e-07	1.76209e-07	1.21226e-07	1.16267e-07	8.39017e-08	1.12809e-07	-1.86006e-05	1.77006e-05	
32	1.11503e-07	7.3694e-09	1.70506e-07	1.76209e-07	1.21226e-07	1.16267e-07	8.39017e-08	1.12809e-07	-1.86006e-05	1.77005e-05	
33	1.11503e-07	7.3694e-09	1.70506e-07	1.76209e-07	1.21226e-07	1.16267e-07	8.39017e-08	1.12809e-07	-1.86006e-05	1.77006e-05	
34	1.11503e-07	7.3694e-09	1.70506e-07	1.76209e-07	1.21226e-07	1.16267e-07	8.39017e-08	1.12809e-07	-1.86006e-05	1.77006e-05	
35	1.11503e-07	7.3694e-09	1.70506e-07	1.76209e-07	1.21226e-07	1.16267e-07	8.39017e-08	1.12809e-07	-1.86006e-05	1.77006e-05	
36	1.11503e-07	7.3694e-09	1.70506e-07	1.76209e-07	1.21226e-07	1.16267e-07	8.39017e-08	1.12809e-07	-1.86006e-05	1.77006e-05	
37	1.11503e-07	7.3694e-09	1.70506e-07	1.76209e-07	1.21226e-07	1.16267e-07	8.39017e-08	1.12809e-07	-1.86006e-05	1.77007e-05	
38	1.11503e-07	7.3694e-09	1.70506e-07	1.76209e-07	1.21226e-07	1.16267e-07	8.39017e-08	1.12809e-07	-1.86006e-05	1.77006e-05	
39	1.11503e-07	7.3694e-09	1.70506e-07	1.76209e-07	1.21226e-07	1.16267e-07	8.39017e-08	1.12809e-07	-1.86006e-05	1.77008e-05	
40	1.11503e-07	7.3694e-09	1.70506e-07	1.76209e-07	1.21226e-07	1.16267e-07	8.39017e-08	1.12809e-07	-1.86006e-05	1.77008e-05	
41	1.11503e-07	7.3694e-09	1.70506e-07	1.76209e-07	1.21226e-07	1.16267e-07	8.39017e-08	1.12809e-07	-1.86006e-05	1.77008e-05	
42	1.11503e-07	7.3694e-09	1.70506e-07	1.76209e-07	1.21226e-07	1.16267e-07	8.39017e-08	1.12809e-07	-1.86006e-05	1.77008e-05	
43	1.11503e-07	7.3694e-09	1.70506e-07	1.76209e-07	1.21226e-07	1.16267e-07	8.39017e-08	1.12809e-07	-1.86006e-05	1.77008e-05	
44	1.11503e-07	7.3694e-09	1.70506e-07	1.76209e-07	1.21226e-07	1.16267e-07	8.39017e-08	1.12809e-07	-1.86006e-05	1.7701e-05	
45	1.11503e-07	7.3694e-09	1.70506e-07	1.76209e-07	1.21226e-07	1.16267e-07	8.39017e-08	1.12809e-07	-1.86006e-05	1.77007e-05	
46	1.11503e-07	7.3694e-09	1.70506e-07	1.76209e-07	1.21226e-07	1.16267e-07	8.39017e-08	1.12809e-07	-1.86006e-05	1.77007e-05	
47	1.11503e-07	7.3694e-09	1.70506e-07	1.76209e-07	1.21226e-07	1.16267e-07	8.39017e-08	1.12809e-07	-1.86006e-05	1.77008e-05	
48	1.11503e-07	7.3694e-09	1.70506e-07	1.76209e-07	1.21226e-07	1.16267e-07	8.39017e-08	1.12809e-07	-1.86006e-05	1.77008e-05	
49	1.11503e-07	7.3694e-09	1.70506e-07	1.76209e-07	1.21226e-07	1.16267e-07	8.39017e-08	1.12809e-07	-1.86006e-05	1.77009e-05	
50	1.11503e-07	7.3694e-09	1.70506e-07	1.76209e-07	1.21226e-07	1.16267e-07	8.39017e-08	1.12809e-07	-1.86006e-05	1.77009e-05	
51	1.11503e-07	7.3694e-09	1.70506e-07	1.76209e-07	1.21226e-07	1.16267e-07	8.39017e-08	1.12809e-07	-1.86006e-05	1.77009e-05	
52	1.11503e-07	7.3694e-09	1.70506e-07	1.76209e-07	1.21226e-07	1.16267e-07	8.39017e-08	1.12809e-07	-1.86006e-05	1.77009e-05	
53	1.11503e-07	7.3694e-09	1.70506e-07	1.76209e-07	1.21226e-07	1.16267e-07	8.39017e-08	1.12809e-07	-1.86006e-05	1.77009e-05	
54	1.11503e-07	7.3694e-09	1.70506e-07	1.76209e-07	1.21226e-07	1.16267e-07	8.39017e-08	1.12809e-07	-1.86006e-05	1.77009e-05	
55	1.11503e-07	7.3694e-09	1.70506e-07	1.76209e-07	1.21226e-07	1.16267e-07	8.39017e-08	1.12809e-07	-1.86006e-05	1.77009e-05	
56	1.11503e-07	7.3694e-09	1.70506e-07	1.76209e-07	1.21226e-07	1.16267e-07	8.39017e-08	1.12809e-07	-1.86006e-05	1.77009e-05	
57	1.11503e-07	7.3694e-09	1.70506e-07	1.76209e-07	1.21226e-07	1.16267e-07	8.39017e-08	1.12809e-07	-1.86006e-05	1.77009e-05	
58	1.11503e-07	7.3694e-09	1.70506e-07	1.76209e-07	1.21226e-07	1.16267e-07	8.39017e-08	1.12809e-07	-1.86006e-05	1.77009e-05	
59	1.11503e-07	7.3694e-09	1.70506e-07	1.76209e-07	1.21226e-07	1.16267e-07	8.39017e-08	1.12809e-07	-1.86006e-05	1.77009e-05	
60	1.11503e-07	7.3694e-09	1.70506e-07	1.76209e-07	1.21226e-07	1.16267e-07	8.39017e-08	1.12809e-07	-1.86006e-05	1.77009e-05	
61	1.11503e-07	7.3694e-09	1.70506e-07	1.76209e-07	1.21226e-07	1.16267e-07	8.39017e-08	1.12809e-07	-1.86006e-05	1.77009e-05	
62	1.11503e-07	7.3694e-09	1.70506e-07	1.76209e-07	1.21226e-07	1.16267e-07	8.39017e-08	1.12809e-07	-1.86006e-05	1.77009e-05	
63	1.11503e-07	7.3694e-09	1.70506e-07	1.76209e-07	1.21226e-07	1.16267e-07	8.39017e-08	1.12809e-07	-1.86006e-05	1.77009e-05	
64	1.11503e-07	7.3694e-09	1.70506e-07	1.76209e-07	1.21226e-07	1.16267e-07	8.39017e-08	1.12809e-07	-1.86006e-05	1.77009e-05	
65	1.11503e-07	7.3694e-09	1.70506e-07	1.76209e-07	1.21226e-07	1.16267e-07	8.39017e-08	1.12809e-07	-1.86006e-05	1.77009e-05	
66	1.11503e-07	7.3694e-09	1.70506e-07	1.76209e-07	1.21226e-07	1.16267e-07	8.39017e-08	1.12809e-07	-1.86006e-05	1.77009e-05	
67	1.11503e-07	7.3694e-09	1.70506e-07	1.76209e-07	1.21226e-07	1.16267e-07	8.39017e-08	1.12809e-07	-1.86006e-05	1.77009e-05	
68	1.11503e-07	7.3694e-09	1.70506e-07	1.76209e-07	1.21226e-07	1.16267e-07	8.39017e-08	1.12809e-07	-1.86006e-05	1.77009e-05	
69	1.11503e-07	7.3694e-09	1.70506e-07	1.76209e-07	1.21226e-07	1.16267e-07	8.39017e-08	1.12809e-07	-1.86006e-05	1.77008e-05	
70	1.11503e-07	7.3694e-09	1.70506e-07	1.76209e-07	1.21226e-07	1.16267e-07	8.39017e-08	1.12809e-07	-1.86006e-05	1.77008e-05	
71	1.11503e-07	7.3694e-09	1.70506e-07	1.76209e-07	1.21226e-07	1.16267e-07	8.39017e-08	1.12809e-07	-1.86006e-05	1.77008e-05	
72	1.11503e-07	7.3694e-09	1.70506e-07	1.76209e-07	1.21226e-07	1.16267e-07	8.39017e-08	1.12809e-07	-1.86006e-05	1.77008e-05	
73	1.11503e-07	7.3694e-09	1.70506e-07	1.76209e-07	1.21226e-07	1.16267e-07	8.39017e-08	1.12809e-07	-1.86006e-05	1.77008e-05	
74	1.11503e-07	7.3694e-09	1.70506e-07	1.76209e-07	1.21226e-07	1.16267e-07	8.39017e-08	1.12809e-07	-1.86006e-05	1.77008e-05	
75	1.11503e-07	7.3694e-09	1.70506e-07	1.76209e-07	1.21226e-07	1.16267e-07	8.39017e-08	1.12809e-07	-1.86006e-05	1.77008e-05	
76	1.11503e-07	7.3694e-09	1.70506e-07	1.76209e-07	1.21226e-07	1.16267e-07	8.39017e-08	1.12809e-07	-1.86006e-05	1.77008e-05	
77	1.11503e-07	7.3694e-09	1.70506e-07	1.76209e-07	1.21226e-07	1.16267e-07	8.39017e-08	1.12809e-07	-1.86006e-05	1.77008e-05	
78	1.11503e-07	7.3694e-09	1.70506e-07	1.76209e-07	1.21226e-07	1.16267e-07	8.39017e-08	1.12809e-07	-1.86006e-05	1.77008e-05	
79	1.11503e-07	7.3694e-09	1.70506e-07	1.76209e-07	1.21226e-07	1.16267e-07	8.39017e-08	1.12809e-07	-1.86006e-05	1.77008e-05	
80	1.11503e-07	7.3694e-09	1.70506e-07	1.76209e-07	1.21226e-07	1.16267e-07	8.39017e-08	1.12809e-07	-1.86006e-05	1.77008e-05	
81	1.11503e-07	7.3694e-09	1.70506e-07	1.76209e-07	1.21226e-07	1.16267e-07	8.39017e-08	1.12809e-07	-1.86006e-05	1.77008e-05	
82	1.11503e-07	7.3694e-09	1.70506e-07	1.76209e-07	1.21226e-07	1.16267e-07	8.39017e-08	1.12809e-07	-1.86006e-05	1.77008e-05	
83	1.11503e-07	7.3694e-09	1.70506e-07	1.76209e-07	1.21226e-07	1.16267e-07	8.39017e-08	1.12809e-07	-1.86006e-05	1.77008e-05	
84	1.11503e-07	7.3694e-09	1.70506e-07	1.76209e-07	1.21226e-07	1.16267e-07	8.39017e-08	1.12809e-07	-1.86006e-05	1.77008e-05	
85	1.11503e-07	7.3694e-09	1.70506e-07	1.76209e-07	1.21226e-07	1.16267e-07	8.39017e-08	1.12809e-07	-1.86006e-05	1.77008e-05	
86	1.11503e-07	7.3694e-09	1.70506e-07	1.76209e-07	1.21226e-07	1.16267e-07	8.39017e-08	1.12809e-07	-1.86006e-05	1.77008e-05	
87	1.11503e-07	7.3694e-09	1.70506e-07	1.76209e-07	1.21226e-07	1.16267e-07	8.39017e-08	1.12809e-07	-1.86006e-05	1.77008e-05	
88	1.11503e-07	7.3694e-09	1.70506e-07	1.76209e-07	1.21226e-07	1.16267e-07	8.39017e-08	1.12809e-07	-1.86006e-05	1.77008e-05	
89	1.11503e-07	7.3694e-09	1.70506e-07	1.76209e-07	1.21226e-07	1.16267e-07	8.39017e-08	1.12809e-07	-1.86006e-05	1.77008e-05	
90	1.11503e-07	7.3694e-09	1.70506e-07	1.76209e-07	1.21226e-07	1.16267e-07	8.39017e-08	1.12809e-07	-1.86006e-05	1.77008e-05	
91	1.11503e-07	7.3694e-09	1.70506e-07	1.76209e-07	1.21226e-07	1.16267e-07	8.39017e-08	1.12809e-07	-1.86006e-05	1.77008e-05	
92	1.11503e-07	7.3694e-09	1.70506e-07	1.76209e-07	1.21226e-07	1.16267e-07	8.39017e-08	1.12809e-07	-1.86006e-05	1.77008e-05	
93	1.11503e-07	7.3694e-09	1.70506e-07	1.76209e-07	1.21226e-07	1.16267e-07	8.39017e-08	1.12809e-07	-1.86006e-05	1.77008e-05	
94	1.11503e-07	7.3694e-09	1.70506e-07	1.76209e-07	1.21226e-07	1.16267e-07	8.39017e-08	1.12809e-07	-1.86006e-05	1.77008e-05	
95	1.11503e-07	7.3694e-09	1.70506e-07	1.76209e-07	1.21226e-07	1.16267e-07	8.39017e-08	1.12809e-07	-1.86006e-05	1.77008e-05	
96	1.11503e-07	7.3694e-09	1.70506e-07	1.76209e-07	1.21226e-07	1.16267e-07	8.39017e-08	1.12809e-07	-1.86006e-05	1.77008e-05	
97	1.11503e-07	7.3694e-09	1.70506e-07	1.76209e-07	1.21226e-07	1.16267e-07	8.39017e-08	1.12809e-07	-1.86006e-05	1.77008e-05	
98	1.11503e-07	7.3694e-09	1.70506e-07	1.76209e-07	1.21226e-07	1.16267e-07	8.39017e-08	1.12809e-07	-1.86006e-05	1.77008e-05	
99	1.11503e-07	7.3694e-09	1.70506e-07	1.76209e-07	1.21226e-07	1.16267e-07	8.39017e-08	1.12809e-07	-1.86006e-05	1.77008e-05	
100	1.11503e-07	7.3694e-09	1.70506e-07	1.76209e-07	1.21226e-07	1.16267e-07	8.39017e-08	1.12809e-07	-1.86006e-05	1.77008e-05	
101	1.11503e-07	7.3694e-09	1.70506e-07	1.76209e-07	1.21226e-07	1.16267e-07	8.39017e-08	1.12809e-07	-1.86006e-05	1.77008e-05	
102	1.11503e-07	7.3694e-09	1.70506e-07	1.76209e-07	1.21226e-07	1.16267e-07	8.39017e-08	1.12809e-07	-1.86006e-05	1.77008e-05	
103	1.11503e-07	7.3694e-09	1.70506e-07	1.76209e-07	1.21226e-07	1.16267e-07	8.39017e-08	1.12809e-07	-1.86006e-05	1.77008e-05	
104	1.11503e-07	7.3694e-09	1.70506e-07	1.76209e-07	1.21226e-07	1.16267e-07	8.39017e-08	1.12809e-07	-1.86006e-05	1.77008e-05	
105	1.11503e-07	7.3694e-09	1.70506e-07	1.76209e-07	1.21226e-07	1.16267e-07	8.39017e-08	1.12809e-07	-1.86006e-05	1.77008e-05	
106	1.11503e-07	7.3694e-09	1.70506e-07	1.76209e-07	1.21226e-07	1.16267e-07	8.39017e-08	1.12809e-07	-1.86006e-05	1.77008e-05	
107	1.11503e-07	7.3694e-09	1.70506e-07	1.76209e-07	1.21226e-07	1.16267e-07	8.39017e-08	1.12809e-07	-1.86006e-05	1.77008e-05	
108	1.11503e-07	7.3694e-09	1.70506e-07	1.76209e-07	1.21226e-07	1.16267e-07	8.39017e-08	1.12809e-07	-1.86006e-05	1.77008e-05	
109	1.11503e-07	7.3694e-09	1.70506e-07	1.76209e-07	1.21226e-07	1.16267e-07	8.39017e-08	1.12809e-07	-1.86006e-05	1.77008e-05	
110	1.11503e-07	7.3694e-09	1.70506e-07	1.76209e-07	1.21226e-07	1.16267e-07	8.39017e-08	1.12809e-07	-1.86006e-05	1.77008e-05	
111	1.11503e-07	7.3694e-09	1.70506e-07	1.76209e-07	1.21226e-07	1.16267e-07	8.39017e-08	1.12809e-07	-1.86006e-05	1.77008e-05	
112	1.11503e-07	7.3694e-09	1.70506e-07	1.76209e-07	1.21226e-07	1.16267e-07	8.39017e-08	1.12809e-07	-1.86006e-05	1.77008e-05	
113	1.11503e-07	7.3694e-09	1.70506e-07	1.76209e-07	1.21226e-07	1.16267e-07	8.39017e-08	1.12809e-07	-1.86006e-05	1.77008e-05	
114	1.11503e-07	7.3694e-09	1.70506e-07	1.76209e-07	1.21226e-07	1.16267e-07	8.39017e-08	1.12809e-07	-1.86006e-05	1.77008e-05	
115	1.11503e-07	7.3694e-09	1.70506e-07	1.76209e-07	1.21226e-07	1.16267e-07	8.39017e-08	1.12809e-07	-1.86006e-05	1.77008e-05	
116	1.11503e-07	7.3694e-09	1.70506e-07	1.76209e-07	1.21226e-07	1.16267e-07	8.39017e-08	1.12809e-07	-1.86006e-05	1.77008e-05	
117	1.11503e-07	7.3694e-09	1.70506e-07	1.76209e-07	1.21226e-07	1.16267e-07	8.39017e-08	1.12809e-07	-1.86006e-05	1.77008e-05	
118	1.11503e-07	7.3694e-09	1.70506e-07	1.76209e-07	1.21226e-07	1.16267e-07	8.39017e-08	1.12809e-07	-1.86006e-05	1.77008e-05	
119	1.11503e-07	7.3694e-09	1.70506e-07	1.76209e-07	1.21226e-07	1.16267e-07	8.39017e-08	1.12809e-07	-1.86006e-05	1.77009e-05	
120	1.11503e-07	7.3694e-09	1.70506e-07	1.76209e-07	1.21226e-07	1.16267e-07	8.39017e-08	1.12809e-07	-1.86006e-05	1.77008e-05	
121	1.11503e-07	7.3694e-09	1.70506e-07	1.76209e-07	1.21226e-07	1.16267e-07	8.39017e-08	1.12809e-07	-1.86006e-05	1.77009e-05	
122	1.11503e-07	7.3694e-09	1.70506e-07	1.76209e-07	1.21226e-07	1.16267e-07	8.39017e-08	1.12809e-07	-1.86006e-05	1.77008e-05	
123	1.11503e-07	7.3694e-09	1.70506e-07	1.76209e-07	1.21226e-07	1.16267e-07	8.39017e-08	1.12809e-07	-1.86006e-05	1.77008e-05	
124	1.11503e-07	7.3694e-09	1.70506e-07	1.76209e-07	1.21226e-07	1.16267e-07	8.39017e-08	1.12809e-07	-1.86006e-05	1.77008e-05	
125	1.11503e-07	7.3694e-09	1.70506e-07	1.76209e-07	1.21226e-07	1.16267e-07	8.39017e-08	1.12809e-07	-1.86006e-05	1.77008e-05	
126	1.11503e-07	7.3694e-09	1.70506e-07	1.76209e-07	1.21226e-07	1.16267e-07	8.39017e-08	1.12809e-07	-1.86006e-05	1.77008e-05	
127	1.11503e-07	7.3694e-09	1.70506e-07	1.76209e-07	1.21226e-07	1.16267e-07	8.39017e-08	1.12809e-07	-1.86006e-05	1.77008e-05	
128	1.11503e-07	7.3694e-09	1.70506e-07	1.76209e-07	1.21226e-07	1.16267e-07	8.39017e-08	1.12809e-07	-1.86006e-05	1.77008e-05	
129	1.11503e-07	7.3694e-09	1.70506e-07	1.76209e-07	1.21226e-07	1.16267e-07	8.39017e-08	1.12809e-07	-1.86006e-05	1.77011e-05	
130	1.11503e-07	7.3694e-09	1.70506e-07	1.76209e-07	1.21226e-07	1.16267e-07	8.39017e-08	1.12809e-07	-1.86006e-05	1.77009e-05	
131	1.11503e-07	7.3694e-09	1.70506e-07	1.76209e-07	1.21226e-07	1.16267e-07	8.39017e-08	1.12809e-07	-1.86006e-05	1.77009e-05	

1	3.25046e-08	8.37544e-09	2.98293e-08	5.68932e-08	6.80024e-08	5.58657e-08	1.74055e-08	2.56055e-08	-1.86006e-05	1.83142e-05	
2	1.25442e-07	3.34952e-08	8.51887e-08	1.736e-07	2.55028e-07	2.74185e-07	5.66889e-08	6.37844e-08	-1.86006e-05	1.74912e-05	
3	1.95261e-07	4.18919e-08	1.20124e-07	2.32482e-07	3.76558e-07	4.3747e-07	1.00249e-07	1.0216e-07	-1.86006e-05	1.69689e-05	
4	2.43414e-07	3.81308e-08	1.33289e-07	2.7941e-07	4.41291e-07	5.20642e-07	1.20532e-07	1.27469e-07	-1.86006e-05	1.67e-05	
5	2.76582e-07	3.35541e-08	1.47396e-07	3.18154e-07	4.75474e-07	5.47722e-07	1.41307e-07	1.48669e-07	-1.86006e-05	1.64994e-05	
6	3.01692e-07	3.20675e-08	1.61573e-07	3.5189e-07	4.95234e-07	5.48934e-07	1.59419e-07	1.66626e-07	-1.86006e-05	1.63803e-05	
7	3.20715e-07	3.22482e-08	1.75896e-07	3.79132e-07	5.06377e-07	5.40752e-07	1.74343e-07	1.81537e-07	-1.86006e-05	1.62859e-05	
8	3.35751e-07	3.24543e-08	1.89346e-07	4.01629e-07	5.12696e-07	5.31306e-07	1.86756e-07	1.94147e-07	-1.86006e-05	1.62163e-05	
9	3.47993e-07	3.25002e-08	2.01201e-07	4.20811e-07	5.16212e-07	5.23495e-07	1.97003e-07	2.04887e-07	-1.86006e-05	1.61585e-05	
10	3.58133e-07	3.24811e-08	2.11537e-07	4.37469e-07	5.18108e-07	5.17736e-07	2.05426e-07	2.14085e-07	-1.86006e-05	1.61077e-05	
11	3.66656e-07	3.24558e-08	2.20573e-07	4.52078e-07	5.19041e-07	5.13785e-07	2.1254e-07	2.22078e-07	-1.86006e-05	1.60628e-05	
12	3.73881e-07	3.24299e-08	2.28604e-07	4.64955e-07	5.19396e-07	5.11233e-07	2.18588e-07	2.29098e-07	-1.86006e-05	1.60235e-05	
13	3.80054e-07	3.24008e-08	2.35868e-07	4.76383e-07	5.19416e-07	5.09649e-07	2.23787e-07	2.35287e-07	-1.86006e-05	1.59884e-05	
14	3.85362e-07	3.23713e-08	2.42527e-07	4.86566e-07	5.19247e-07	5.08703e-07	2.28282e-07	2.40761e-07	-1.86006e-05	1.59574e-05	
15	3.89956e-07	3.23449e-08	2.48657e-07	4.95669e-07	5.18979e-07	5.08155e-07	2.32179e-07	2.4561e-07	-1.86006e-05	1.59298e-05	
16	3.93955e-07	3.23221e-08	2.54295e-07	5.03835e-07	5.18663e-07	5.07834e-07	2.35569e-07	2.49907e-07	-1.86006e-05	1.59049e-05	
17	3.97456e-07	3.2302e-08	2.59471e-07	5.11186e-07	5.18328e-07	5.07628e-07	2.38529e-07	2.53716e-07	-1.86006e-05	1.58827e-05	
18	4.00537e-07	3.22846e-08	2.64217e-07	5.17824e-07	5.17992e-07	5.07475e-07	2.41122e-07	2.57092e-07	-1.86006e-05	1.58628e-05	
19	4.03238e-07	3.22674e-08	2.68553e-07	5.23802e-07	5.17665e-07	5.07381e-07	2.43267e-07	2.60046e-07	-1.86006e-05	1.58433e-05	
20	4.05651e-07	3.22507e-08	2.7257e-07	5.29268e-07	5.17341e-07	5.07235e-07	2.45265e-07	2.62687e-07	-1.86006e-05	1.58274e-05	
21	4.07804e-07	3.22383e-08	2.76291e-07	5.34221e-07	5.1704e-07	5.07096e-07	2.4704e-07	2.65034e-07	-1.86006e-05	1.5813e-05	
22	4.09728e-07	3.22271e-08	2.79736e-07	5.38721e-07	5.16762e-07	5.0697e-07	2.48604e-07	2.67113e-07	-1.86006e-05	1.58001e-05	
23	4.11455e-07	3.22173e-08	2.82925e-07	5.42837e-07	5.16505e-07	5.06839e-07	2.50014e-07	2.68967e-07	-1.86006e-05	1.57895e-05	
24	4.13013e-07	3.22087e-08	2.85904e-07	5.46564e-07	5.16277e-07	5.06755e-07	2.51218e-07	2.706e-07	-1.86006e-05	1.57779e-05	
25	4.14413e-07	3.21981e-08	2.88661e-07	5.5003e-07	5.16057e-07	5.06649e-07	2.5231e-07	2.72066e-07	-1.86006e-05	1.57687e-05	
26	4.15684e-07	3.21901e-08	2.91238e-07	5.53192e-07	5.15856e-07	5.06552e-07	2.53274e-07	2.73397e-07	-1.86006e-05	1.57594e-05	
27	4.16834e-07	3.21819e-08	2.9364e-07	5.5608e-07	5.15666e-07	5.06456e-07	2.54125e-07	2.74605e-07	-1.86006e-05	1.57512e-05	
28	4.17879e-07	3.21745e-08	2.95883e-07	5.58733e-07	5.15489e-07	5.06365e-07	2.54885e-07	2.75695e-07	-1.86006e-05	1.57437e-05	
29	4.18831e-07	3.21677e-08	2.97981e-07	5.61174e-07	5.15322e-07	5.06278e-07	2.55569e-07	2.76679e-07	-1.86006e-05	1.57368e-05	
30	4.19706e-07	3.21621e-08	2.99985e-07	5.63421e-07	5.15167e-07	5.062e-07	2.5619e-07	2.77576e-07	-1.86006e-05	1.5731e-05	
31	4.20501e-07	3.21566e-08	3.01832e-07	5.65486e-07	5.15025e-07	5.06135e-07	2.56746e-07	2.78368e-07	-1.86006e-05	1.57251e-05	
32	4.21229e-07	3.21505e-08	3.03577e-07	5.67404e-07	5.14888e-07	5.06072e-07	2.57257e-07	2.79076e-07	-1.86006e-05	1.57197e-05	
33	4.21898e-07	3.21453e-08	3.05216e-07	5.69173e-07	5.14758e-07	5.06013e-07	2.57727e-07	2.79703e-07	-1.86006e-05	1.57149e-05	
34	4.22512e-07	3.2141e-08	3.06758e-07	5.70803e-07	5.14636e-07	5.0596e-07	2.58159e-07	2.80257e-07	-1.86006e-05	1.57104e-05	
35	4.23077e-07	3.21369e-08	3.08214e-07	5.72306e-07	5.1452e-07	5.05914e-07	2.58557e-07	2.80742e-07	-1.86006e-05	1.57062e-05	
36	4.23597e-07	3.21328e-08	3.0959e-07	5.73695e-07	5.14409e-07	5.05872e-07	2.58925e-07	2.81165e-07	-1.86006e-05	1.57023e-05	
37	4.24076e-07	3.21288e-08	3.10895e-07	5.7498e-07	5.14303e-07	5.05832e-07	2.59262e-07	2.81542e-07	-1.86006e-05	1.56987e-05	
38	4.24516e-07	3.21249e-08	3.12134e-07	5.76168e-07	5.142e-07	5.05794e-07	2.59576e-07	2.81873e-07	-1.86006e-05	1.56953e-05	
39	4.24923e-07	3.21213e-08	3.1331e-07	5.77265e-07	5.14101e-07	5.05757e-07	2.59867e-07	2.82162e-07	-1.86006e-05	1.56922e-05	
40	4.25291e-07	3.21178e-08	3.14412e-07	5.78254e-07	5.14007e-07	5.05724e-07	2.60129e-07	2.82411e-07	-1.86006e-05	1.56888e-05	
41	4.25641e-07	3.2114e-08	3.15493e-07	5.79215e-07	5.13909e-07	5.05682e-07	2.60388e-07	2.82634e-07	-1.86006e-05	1.56866e-05	
42	4.25951e-07	3.21131e-08	3.16465e-07	5.80007e-07	5.13827e-07	5.0566e-07	2.60609e-07	2.82823e-07	-1.86006e-05	1.56825e-05	
43	4.26249e-07	3.21056e-08	3.17471e-07	5.80854e-07	5.13721e-07	5.05609e-07	2.60834e-07	2.82991e-07	-1.86006e-05	1.56813e-05	
44	4.26513e-07	3.21061e-08	3.18358e-07	5.81543e-07	5.13641e-07	5.05586e-07	2.61027e-07	2.83141e-07	-1.86006e-05	1.56781e-05	
45	4.26766e-07	3.21005e-08	3.19262e-07	5.82257e-07	5.13545e-07	5.05542e-07	2.61221e-07	2.83266e-07	-1.86006e-05	1.56772e-05	
46	4.26992e-07	3.21016e-08	3.2006e-07	5.82837e-07	5.13474e-07	5.05524e-07	2.61389e-07	2.8339e-07	-1.86006e-05	1.56744e-05	
47	4.27206e-07	3.20969e-08	3.20879e-07	5.83424e-07	5.13386e-07	5.0549e-07	2.61558e-07	2.83482e-07	-1.86006e-05	1.56733e-05	
48	4.27398e-07	3.2097e-08	3.21604e-07	5.83909e-07	5.13318e-07	5.05473e-07	2.61704e-07	2.83582e-07	-1.86006e-05	1.56711e-05	
49	4.2758e-07	3.20933e-08	3.2235e-07	5.84403e-07	5.13238e-07	5.05444e-07	2.61849e-07	2.83653e-07	-1.86006e-05	1.56701e-05	
50	4.27745e-07	3.20931e-08	3.23011e-07	5.84811e-07	5.13176e-07	5.05429e-07	2.61976e-07	2.83735e-07	-1.86006e-05	1.56685e-05	
51	4.279e-07	3.20902e-08	3.23689e-07	5.85222e-07	5.13104e-07	5.05406e-07	2.62101e-07	2.83789e-07	-1.86006e-05	1.56674e-05	
52	4.28042e-07	3.20897e-08	3.24293e-07	5.85561e-07	5.13045e-07	5.05392e-07	2.62213e-07	2.83859e-07	-1.86006e-05	1.56661e-05	
53	4.28173e-07	3.20871e-08	3.24912e-07	5.85902e-07	5.12979e-07	5.05371e-07	2.62321e-07	2.83901e-07	-1.86006e-05	1.56651e-05	
54	4.28295e-07	3.20868e-08	3.25463e-07	5.86183e-07	5.12927e-07	5.05359e-07	2.62419e-07	2.83962e-07	-1.86006e-05	1.5664e-05	
55	4.28406e-07	3.20845e-08	3.26025e-07	5.86461e-07	5.12866e-07	5.0534e-07	2.62513e-07	2.83993e-07	-1.86006e-05	1.56631e-05	
56	4.2851e-07	3.2084e-08	3.26526e-07	5.8669e-07	5.12817e-07	5.05328e-07	2.62598e-07	2.84047e-07	-1.86006e-05	1.56622e-05	
57	4.28603e-07	3.20821e-08	3.27036e-07	5.86916e-07	5.12762e-07	5.05312e-07	2.62679e-07	2.84072e-07	-1.86006e-05	1.56612e-05	
58	4.28692e-07	3.20814e-08	3.2749e-07	5.87101e-07	5.12716e-07	5.053e-07	2.62752e-07	2.84122e-07	-1.86006e-05	1.56605e-05	
59	4.28773e-07	3.20804e-08	3.27939e-07	5.87271e-07	5.1267e-07	5.05289e-07	2.62822e-07	2.84156e-07	-1.86006e-05	1.56602e-05	
60	4.28848e-07	3.208e-08	3.28371e-07	5.87429e-07	5.12627e-07	5.05283e-07	2.62886e-07	2.84188e-07	-1.86006e-05	1.56595e-05	
