Time	Cap_LAD_D1	Cap_LAD_D4	Cap_LAD_LAD3	Cap_LAD_RI	Cap_LCX_LCX1	Cap_RCA_AM	Cap_RCA_RPDA1	Cap_RCA_RPLB2	Cap_Aorta_Inlet	Cap_Aorta_Outlet	
1	7875.31	7863.49	7888.56	7874.58	7865.39	7894.12	7918.11	7920.86	7874.23	7813.86	
2	4332.12	6748.88	-2123.78	3819.66	6070.71	6179.5	2936.3	2331.68	7822.94	7830.33	
3	5192.52	7183.36	-3283.11	4314.02	7106.75	7396.3	3624.24	2456.44	7838.07	7839.7	
4	6599.08	7640.47	-1819.11	5097.5	7649.76	7829.28	4885.27	3412.34	7848.86	7849.16	
5	7581.48	7843.98	844.185	6347.42	7838.41	7864.06	6412.2	4799.6	7858.64	7858.67	
6	7935.65	7847.12	3398.43	7645.82	7828.56	7813.69	7326.9	6398.75	7868.08	7868.04	
7	7701.14	7814.41	5541.21	7792.45	7794.62	7823.02	7583.02	6988.89	7877.29	7877.19	
8	7527.77	7801.84	5962.67	7570.78	7780.37	7832.52	7426.61	7020.63	7886.27	7886.17	
9	7527.67	7814.12	6446.97	7333.63	7799.73	7842.91	7178.27	6865.28	7895.01	7894.93	
10	7572.29	7827.72	6455.96	7268.72	7813.17	7852.22	7091.92	6734.75	7903.57	7903.5	
11	7603.01	7838.06	6109.45	7293.1	7823.33	7861.88	7054.85	6669.58	7911.91	7911.84	
12	7617.63	7846.89	5645.36	7355.31	7832.54	7870.86	7105.29	6690.55	7920.04	7919.99	
13	7628.66	7856.54	5540.15	7398.57	7842.1	7879.55	7153.59	6737.83	7928.02	7927.96	
14	7637.85	7864	5533.04	7414.12	7850.28	7887.76	7178.3	6767.44	7935.8	7935.73	
15	7649.33	7872.46	5547.79	7428.27	7858.72	7895.98	7210.18	6805.21	7943.4	7943.33	
16	7660.77	7880.77	5607.85	7438.25	7866.92	7904.12	7236.6	6828.3	7950.84	7950.75	
17	7670.93	7889	5700.62	7446.41	7874.99	7911.47	7244.86	6835.42	7958.09	7957.99	
18	7679.67	7896.2	5734.23	7455.19	7882.29	7918.53	7248.55	6840.94	7965.18	7965.08	
19	7689.16	7903.95	5758.93	7465.98	7890.18	7926.3	7252.5	6845.41	7972.11	7971.99	
20	7697.45	7910.8	5780.23	7475.99	7896.9	7933.05	7257.09	6851.31	7978.87	7978.75	
21	7704.73	7917.43	5788.58	7483.94	7903.56	7939.2	7263.15	6857.67	7985.48	7985.34	
22	7712.75	7924.29	5796.99	7492.85	7910.42	7946.22	7271.82	6866.18	7991.92	7991.77	
23	7720.66	7930.95	5804.54	7501.88	7917.06	7953.01	7281.01	6874.87	7998.21	7998.06	
24	7728.11	7937.33	5811.46	7510.49	7923.43	7959.26	7289.7	6882.74	8004.36	8004.2	
25	7735.09	7943.49	5818.53	7518.56	7929.57	7965.27	7297.95	6890.06	8010.36	8010.19	
26	7741.74	7949.49	5826.38	7526.15	7935.57	7971.23	7305.83	6897.13	8016.22	8016.04	
27	7748.11	7955.34	5835.26	7533.28	7941.42	7977.09	7313.21	6903.96	8021.94	8021.76	
28	7754.28	7961.05	5845.08	7540.01	7947.13	7982.79	7319.96	6910.53	8027.54	8027.35	
29	7760.29	7966.64	5855.55	7546.4	7952.7	7988.34	7326.1	6916.84	8033	8032.81	
30	7766.13	7972.09	5866.16	7552.52	7958.13	7993.71	7331.73	6922.89	8038.35	8038.15	
31	7771.78	7977.4	5876.45	7558.41	7963.42	7998.95	7337.03	6928.69	8043.56	8043.36	
32	7777.25	7982.58	5886.12	7564.13	7968.59	8004.06	7342.13	6934.24	8048.66	8048.45	
33	7782.56	7987.62	5895.01	7569.68	7973.62	8009.08	7347.18	6939.59	8053.63	8053.42	
34	7787.73	7992.54	5903.17	7575.1	7978.53	8013.98	7352.19	6944.72	8058.49	8058.28	
35	7792.76	7997.35	5910.65	7580.38	7983.33	8018.77	7357.17	6949.63	8063.23	8063.02	
36	7797.66	8002.03	5917.52	7585.49	7988.01	8023.45	7362.08	6954.3	8067.87	8067.65	
37	7802.43	8006.61	5923.91	7590.44	7992.58	8028.02	7366.93	6958.78	8072.39	8072.18	
38	7807.07	8011.08	5929.85	7595.22	7997.05	8032.44	7371.63	6963.02	8076.81	8076.6	
39	7811.58	8015.43	5935.49	7599.85	8001.4	8036.82	7376.28	6967.17	8081.13	8080.92	
40	7815.98	8019.68	5940.86	7604.33	8005.64	8041.07	7380.78	6971.17	8085.34	8085.14	
41	7820.25	8023.82	5946.01	7608.66	8009.78	8045.21	7385.12	6975.05	8089.46	8089.26	
42	7824.42	8027.87	5951	7612.86	8013.83	8049.26	7389.3	6978.83	8093.48	8093.28	
43	7828.47	8031.82	5955.86	7616.93	8017.78	8053.2	7393.36	6982.54	8097.41	8097.21	
44	7832.5	8035.7	5960.95	7620.96	8021.64	8057.27	7397.58	6986.45	8101.24	8101.05	
45	7836.38	8039.49	5965.78	7624.84	8025.42	8060.93	7401.31	6989.92	8104.99	8104.81	
46	7840.08	8043.12	5970.38	7628.52	8029.08	8064.49	7404.83	6993.25	8108.65	8108.47	
47	7843.69	8046.68	5974.81	7632.09	8032.65	8068.04	7408.39	6996.64	8112.22	8112.05	
48	7847.25	8050.18	5979.11	7635.59	8036.15	8071.55	7411.92	7000.03	8115.71	8115.54	
49	7850.74	8053.6	5983.28	7639.02	8039.57	8074.98	7415.4	7003.37	8119.12	8118.95	
50	7854.09	8056.87	5987.22	7642.31	8042.84	8078.26	7418.73	7006.55	8122.37	8122.21	
51	7857.41	8060.13	5991.05	7645.59	8046.1	8081.52	7422.01	7009.7	8125.62	8125.47	
52	7860.72	8063.38	5994.78	7648.85	8049.35	8084.76	7425.29	7012.85	8128.87	8128.73	
53	7864.02	8066.63	5998.43	7652.09	8052.6	8088.01	7428.58	7016	8132.12	8131.98	
54	7867.31	8069.87	6002.01	7655.33	8055.85	8091.26	7431.86	7019.17	8135.35	8135.23	
55	7870.59	8073.1	6005.54	7658.55	8059.09	8094.51	7435.14	7022.34	8138.58	8138.47	
56	7873.86	8076.33	6009.02	7661.76	8062.31	8097.74	7438.39	7025.51	8141.8	8141.69	
57	7877.12	8079.54	6012.46	7664.96	8065.52	8100.96	7441.63	7028.66	8145.01	8144.91	
58	7880.35	8082.73	6015.85	7668.13	8068.72	8104.16	7444.85	7031.8	8148.21	8148.11	
59	7883.57	8085.91	6019.19	7671.29	8071.9	8107.34	7448.05	7034.92	8151.39	8151.3	
60	7886.77	8089.07	6022.49	7674.43	8075.07	8110.51	7451.23	7038.03	8154.55	8154.47	
61	7889.95	8092.21	6025.76	7677.55	8078.21	8113.66	7454.38	7041.11	8157.69	8157.62	
62	7893.1	8095.33	6028.98	7680.65	8081.33	8116.78	7457.52	7044.19	8160.81	8160.74	
63	7896.23	8098.42	6032.17	7683.72	8084.43	8119.88	7460.63	7047.23	8163.9	8163.85	
64	7899.33	8101.49	6035.32	7686.76	8087.5	8122.96	7463.71	7050.26	8166.97	8166.92	
65	7902.39	8104.53	6038.43	7689.78	8090.54	8126	7466.77	7053.25	8170.01	8169.97	
66	7905.43	8107.54	6041.5	7692.77	8093.55	8129.02	7469.79	7056.22	8173.03	8172.99	
67	7908.44	8110.51	6044.54	7695.72	8096.53	8132	7472.78	7059.16	8176.01	8175.98	
68	7911.41	8113.46	6047.54	7698.64	8099.48	8134.95	7475.74	7062.07	8178.95	8178.93	
69	7914.32	8116.36	6050.45	7701.52	8102.39	8137.77	7478.56	7064.83	8181.86	8181.85	
70	7917.21	8119.23	6053.37	7704.37	8105.27	8140.7	7481.44	7067.7	8184.73	8184.73	
71	7920.07	8122.06	6056.25	7707.18	8108.1	8143.57	7484.36	7070.56	8187.57	8187.57	
72	7922.89	8124.85	6059.08	7709.95	8110.88	8146.37	7487.17	7073.33	8190.36	8190.37	
73	7925.66	8127.59	6061.86	7712.67	8113.63	8149.12	7489.91	7076.04	8193.11	8193.12	
74	7928.38	8130.29	6064.6	7715.35	8116.33	8151.82	7492.62	7078.71	8195.81	8195.83	
75	7931.05	8132.94	6067.3	7717.99	8118.98	8154.47	7495.28	7081.33	8198.46	8198.49	
76	7933.67	8135.55	6069.94	7720.57	8121.59	8157.08	7497.9	7083.91	8201.07	8201.11	
77	7936.24	8138.1	6072.53	7723.11	8124.15	8159.64	7500.46	7086.43	8203.63	8203.67	
78	7938.76	8140.61	6075.06	7725.59	8126.65	8162.15	7502.97	7088.91	8206.14	8206.18	
79	7941.23	8143.06	6077.54	7728.03	8129.1	8164.6	7505.43	7091.34	8208.59	8208.64	
80	7943.64	8145.45	6079.96	7730.4	8131.5	8167	7507.83	7093.71	8210.99	8211.05	
81	7946	8147.79	6082.33	7732.73	8133.84	8169.35	7510.18	7096.02	8213.33	8213.4	
82	7948.3	8150.08	6084.63	7734.99	8136.13	8171.64	7512.46	7098.28	8215.62	8215.69	
83	7950.54	8152.3	6086.87	7737.2	8138.35	8173.87	7514.7	7100.49	8217.85	8217.93	
84	7952.72	8154.47	6089.05	7739.36	8140.52	8176.04	7516.87	7102.63	8220.02	8220.1	
85	7954.84	8156.58	6091.17	7741.45	8142.63	8178.15	7518.98	7104.72	8222.13	8222.22	
86	7956.89	8158.62	6093.23	7743.48	8144.68	8180.2	7521.03	7106.74	8224.18	8224.28	
87	7958.89	8160.61	6095.23	7745.45	8146.66	8182.19	7523.02	7108.71	8226.17	8226.27	
88	7960.83	8162.54	6097.17	7747.36	8148.59	8184.11	7524.95	7110.61	8228.1	8228.2	
89	7962.7	8164.4	6099.04	7749.21	8150.45	8185.98	7526.82	7112.46	8229.96	8230.07	
90	7964.51	8166.2	6100.85	7750.99	8152.25	8187.78	7528.62	7114.24	8231.77	8231.88	
91	7966.26	8167.94	6102.6	7752.72	8153.99	8189.52	7530.36	7115.95	8233.51	8233.63	
92	7967.94	8169.61	6104.28	7754.38	8155.67	8191.19	7532.04	7117.61	8235.18	8235.31	
93	7969.56	8171.22	6105.9	7755.98	8157.28	8192.81	7533.66	7119.2	8236.8	8236.93	
94	7971.12	8172.77	6107.46	7757.51	8158.83	8194.36	7535.21	7120.73	8238.35	8238.48	
95	7972.61	8174.26	6108.96	7758.99	8160.32	8195.85	7536.7	7122.2	8239.84	8239.97	
96	7974.04	8175.68	6110.39	7760.4	8161.74	8197.27	7538.12	7123.6	8241.27	8241.41	
97	7975.41	8177.05	6111.76	7761.75	8163.1	8198.64	7539.49	7124.95	8242.63	8242.77	
98	7976.71	8178.35	6113.05	7763.03	8164.41	8199.9	7540.74	7126.17	8243.94	8244.08	
99	7977.97	8179.59	6114.33	7764.27	8165.65	8201.21	7542.06	7127.48	8245.18	8245.33	
100	7979.15	8180.77	6115.49	7765.43	8166.83	8202.34	7543.19	7128.58	8246.36	8246.52	
101	7980.28	8181.9	6116.63	7766.55	8167.96	8203.49	7544.34	7129.71	8247.49	8247.65	
102	7981.36	8182.97	6117.7	7767.61	8169.03	8204.56	7545.41	7130.76	8248.56	8248.72	
103	7982.37	8183.98	6118.72	7768.61	8170.04	8205.57	7546.43	7131.76	8249.57	8249.73	
104	7983.34	8184.93	6119.68	7769.56	8170.99	8206.53	7547.38	7132.69	8250.53	8250.69	
105	7984.24	8185.83	6120.59	7770.45	8171.89	8207.43	7548.29	7133.58	8251.43	8251.6	
106	7985.1	8186.68	6121.45	7771.29	8172.74	8208.28	7549.14	7134.41	8252.28	8252.45	
107	7985.9	8187.48	6122.25	7772.08	8173.55	8209.08	7549.94	7135.19	8253.08	8253.26	
108	7986.66	8188.23	6123.01	7772.82	8174.3	8209.83	7550.69	7135.92	8253.84	8254.01	
109	7987.36	8188.94	6123.72	7773.52	8175	8210.53	7551.4	7136.6	8254.54	8254.72	
110	7988.02	8189.6	6124.38	7774.17	8175.66	8211.19	7552.06	7137.23	8255.2	8255.38	
111	7988.64	8190.21	6125	7774.78	8176.27	8211.8	7552.67	7137.83	8255.81	8255.99	
112	7989.21	8190.78	6125.57	7775.34	8176.84	8212.37	7553.24	7138.37	8256.38	8256.57	
113	7989.75	8191.31	6126.1	7775.86	8177.37	8212.9	7553.77	7138.88	8256.92	8257.1	
114	7990.24	8191.8	6126.6	7776.35	8177.86	8213.39	7554.26	7139.35	8257.41	8257.59	
115	7990.7	8192.25	6127.05	7776.8	8178.32	8213.85	7554.72	7139.78	8257.86	8258.05	
116	7991.12	8192.67	6127.47	7777.21	8178.74	8214.26	7555.13	7140.18	8258.28	8258.47	
117	7991.5	8193.06	6127.85	7777.59	8179.12	8214.65	7555.52	7140.54	8258.67	8258.86	
118	7991.86	8193.41	6128.21	7777.94	8179.48	8215	7555.87	7140.88	8259.02	8259.21	
119	7992.18	8193.74	6128.53	7778.25	8179.8	8215.32	7556.19	7141.18	8259.35	8259.54	
120	7992.47	8194.02	6128.8	7778.53	8180.09	8215.59	7556.46	7141.42	8259.64	8259.84	
121	7992.75	8194.3	6129.09	7778.81	8180.37	8215.9	7556.76	7141.71	8259.91	8260.11	
122	7992.99	8194.54	6129.32	7779.04	8180.61	8216.12	7556.99	7141.91	8260.16	8260.35	
123	7993.21	8194.76	6129.54	7779.26	8180.83	8216.34	7557.21	7142.11	8260.38	8260.57	
124	7993.41	8194.96	6129.73	7779.45	8181.03	8216.54	7557.41	7142.3	8260.57	8260.77	
125	7993.59	8195.14	6129.91	7779.63	8181.21	8216.72	7557.59	7142.46	8260.75	8260.95	
126	7993.75	8195.3	6130.07	7779.79	8181.37	8216.88	7557.75	7142.59	8260.91	8261.11	
127	7993.9	8195.44	6130.21	7779.93	8181.51	8217.02	7557.89	7142.72	8261.06	8261.26	
128	7994.03	8195.57	6130.34	7780.05	8181.64	8217.15	7558.02	7142.83	8261.19	8261.38	
129	7994.13	8195.67	6130.44	7780.15	8181.75	8217.23	7558.08	7142.87	8261.3	8261.5	
130	7994.27	8195.81	6130.59	7780.29	8181.88	8217.42	7558.33	7143.1	8261.42	8261.62	
131	7994.35	8195.89	6130.66	7780.37	8181.96	8217.48	7558.34	7143.11	8261.51	8261.71	

1	6944.04	7158.05	4959.94	6716.6	7143.17	7521.56	6827.93	6389.6	8322.67	8262.26	
2	3699.46	4471.06	1983.91	3519.53	4062.98	5036.65	4215.54	3800.27	8513.54	8522.12	
3	2117.9	5732.25	791.031	1895.35	3226.73	3854.03	2100.25	1766.36	8193.13	8197.71	
4	2408.49	7944.7	790.985	1850.07	4281.59	4833.45	1662.86	1259.24	7944.3	7946.24	
5	3096.93	8101.41	897.742	2230.53	5335.81	6223.6	1896.81	1424.59	7807.26	7808.57	
6	3641.16	7435.6	1005.1	2596.78	5968.23	7020.89	2271.91	1695.79	7709.92	7710.63	
7	4048.7	7094.99	1108.7	2911.68	6339.37	7309.71	2617.81	1938.4	7650.93	7651.46	
8	4357.56	7065.95	1211.24	3169.02	6559.85	7352.54	2907.7	2141.4	7605.71	7606.12	
9	4599.96	7083.86	1307.76	3381.91	6692.45	7307.36	3150.23	2313.07	7572.16	7572.5	
10	4795.34	7087.88	1393.82	3562.39	6771.67	7242.91	3352.4	2459.47	7544.65	7544.97	
11	4955.63	7083.06	1469.36	3718.03	6818.25	7183.19	3520.26	2584.97	7520.61	7520.91	
12	5089.06	7077.27	1535.59	3853.7	6844.58	7135.45	3661.94	2693.74	7499.43	7499.7	
13	5201.26	7071.5	1594.35	3972.71	6858.29	7100.4	3782.25	2788.87	7480.83	7481.08	
14	5296.44	7065.25	1647.3	4077.87	6864.28	7075.93	3885.3	2872.47	7464.3	7464.53	
15	5377.8	7058.9	1695.63	4171.25	6865.63	7059.46	3974.04	2946.19	7449.67	7449.87	
16	5447.83	7053.05	1740	4254.49	6864.28	7048.69	4050.73	3011.33	7436.63	7436.81	
17	5508.5	7047.88	1780.76	4328.97	6861.41	7041.64	4117.24	3068.99	7424.92	7425.07	
18	5561.39	7043.3	1818.17	4395.88	6857.74	7036.85	4175.12	3120.04	7414.46	7414.59	
19	5607.75	7039.27	1852.49	4456.18	6853.71	7033.4	4225.66	3165.26	7405.08	7405.19	
20	5648.34	7035.41	1883.85	4510.45	6849.59	7031.09	4268.16	3204.95	7396.01	7396.09	
21	5684.39	7031.69	1912.85	4559.89	6845.41	7028.64	4306.66	3240.28	7388.45	7388.52	
22	5716.48	7028.74	1939.68	4604.69	6841.43	7026.41	4340.81	3271.66	7381.68	7381.73	
23	5745.1	7026.13	1964.52	4645.36	6837.69	7024.42	4370.93	3299.47	7375.61	7375.65	
24	5770.71	7023.85	1987.51	4682.49	6834.21	7022.48	4397.9	3324.22	7370.55	7370.58	
25	5793.78	7021.85	2008.94	4716.16	6831.07	7021.07	4421.21	3346.07	7365.19	7365.21	
26	5814.48	7019.56	2028.8	4747.3	6828.07	7019.54	4442.14	3365.62	7360.8	7360.81	
27	5833.23	7017.69	2047.34	4775.74	6825.32	7018.12	4460.63	3383.27	7356.47	7356.47	
28	5850.19	7015.86	2064.61	4801.74	6822.74	7016.74	4476.98	3399.23	7352.6	7352.59	
29	5865.57	7014.19	2080.74	4825.6	6820.32	7015.44	4491.52	3413.63	7349.06	7349.04	
30	5879.56	7012.64	2095.82	4847.53	6818.05	7014.19	4504.57	3426.63	7345.82	7345.79	
31	5892.39	7011.35	2110.17	4867.7	6815.93	7013.04	4516.35	3438.44	7343.09	7343.06	
32	5904.05	7010.1	2123.45	4886.24	6813.98	7012.07	4526.91	3448.94	7340.33	7340.3	
33	5914.72	7008.77	2135.97	4903.42	6812.12	7011.14	4536.54	3458.33	7337.83	7337.78	
34	5924.51	7007.61	2147.73	4919.27	6810.36	7010.28	4545.36	3466.68	7335.55	7335.5	
35	5933.49	7006.61	2158.79	4933.88	6808.7	7009.5	4553.45	3474.07	7333.44	7333.4	
36	5941.75	7005.67	2169.22	4947.36	6807.12	7008.81	4560.89	3480.58	7331.47	7331.42	
37	5949.34	7004.76	2179.08	4959.8	6805.63	7008.18	4567.73	3486.27	7329.63	7329.58	
38	5956.32	7003.87	2188.43	4971.31	6804.19	7007.59	4574.03	3491.32	7327.92	7327.87	
39	5962.75	7003.02	2197.29	4981.94	6802.8	7007.04	4579.84	3495.76	7326.34	7326.29	
40	5968.68	7002.22	2205.7	4991.77	6801.47	7006.51	4585.24	3499.65	7324.87	7324.82	
41	5974.08	7001.42	2213.6	5000.68	6800.2	7006.03	4590.14	3503.02	7323.28	7323.24	
42	5979.16	7000.61	2221.3	5009.21	6798.9	7005.46	4594.89	3506.02	7322.22	7322.17	
43	5983.7	7000.29	2228.3	5016.46	6797.77	7005.09	4599.04	3508.59	7320.39	7320.36	
44	5988.02	6998.87	2235.41	5023.89	6796.42	7004.46	4603.14	3510.85	7319.69	7319.65	
45	5991.9	6998.74	2241.81	5030.17	6795.31	7004.07	4606.75	3512.86	7318.29	7318.25	
46	5995.56	6997.68	2248.21	5036.46	6794.05	7003.5	4610.29	3514.57	7317.78	7317.75	
47	5998.87	6997.69	2253.97	5041.77	6793.06	7003.19	4613.44	3516.2	7316.5	7316.48	
48	6001.98	6996.82	2259.78	5046.98	6791.91	7002.73	4616.52	3517.48	7315.94	7315.92	
49	6004.8	6996.69	2265	5051.41	6790.97	7002.44	4619.25	3518.78	7314.95	7314.94	
50	6007.44	6995.99	2270.28	5055.79	6789.92	7002.05	4621.89	3519.77	7314.43	7314.42	
51	6009.85	6995.85	2275.04	5059.52	6789.05	7001.8	4624.26	3520.82	7313.68	7313.69	
52	6012.1	6995.28	2279.85	5063.16	6788.1	7001.49	4626.55	3521.59	7313.15	7313.15	
53	6014.16	6995.09	2284.2	5066.27	6787.29	7001.26	4628.62	3522.46	7312.53	7312.54	
54	6016.07	6994.59	2288.58	5069.3	6786.42	7000.98	4630.6	3523.06	7312.08	7312.1	
55	6017.85	6994.44	2292.55	5071.87	6785.69	7000.79	4632.42	3523.82	7311.54	7311.57	
56	6019.46	6994	2296.53	5074.35	6784.9	7000.54	4634.14	3524.29	7311.1	7311.13	
57	6020.98	6993.82	2300.14	5076.45	6784.22	7000.35	4635.72	3524.93	7310.66	7310.71	
58	6022.34	6993.46	2303.75	5078.47	6783.49	7000.13	4637.2	3525.32	7310.23	7310.27	
59	6023.64	6993.27	2307.02	5080.18	6782.86	6999.96	4638.57	3525.9	7309.89	7309.95	
60	6024.82	6993.04	2310.22	5081.73	6782.23	6999.79	4639.85	3526.36	7309.71	7309.77	
